45835
46171
46635
47403
47691
48043
48923
48907
49244
49740
49804
49612
49964
49724
49420
49356
48811
48283
48171
47499
46875
46699
45995
45243
45034
44394
43850
43802
43242
42650
42666
42250
41786
41770
41450
41114
41482
41130
40953
41162
41098
40873
41242
41114
41114
41514
41482
41546
42058
42058
42154
42730
42858
42858
43386
43434
43482
43978
44122
43946
44394
44394
44106
44586
44394
44266
44458
44346
43962
44234
44058
43578
43850
43658
43354
43402
43290
42938
43018
42922
42554
42538
42698
42330
42586
42442
42090
42362
42442
42026
42442
42378
42074
42314
42314
42170
42410
42378
42298
42426
42586
42250
42538
42650
42362
42586
42714
42490
42762
43050
42730
42842
43034
42842
42970
43354
42986
43162
43354
42986
43130
43370
43114
43258
43498
43146
43306
43450
43274
43274
43338
43066
43082
43466
43050
43098
43242
42954
42794
43146
42810
42858
43274
42762
42970
43306
43146
43194
43626
43866
44202
44762
44922
45339
46315
46523
46827
47931
48315
48747
49356
49500
49820
50348
50012
49900
50188
49676
49388
49436
48619
48091
47963
47115
46635
46475
45531
45467
44890
44138
43530
43562
42938
42506
42554
42042
41706
41786
41322
41226
41482
41114
41018
41482
41066
41066
41738
41322
41498
42042
41834
42026
42698
42618
42826
43418
43450
43498
44058
44122
44282
44634
44554
44538
44938
44682
44682
45002
44602
44650
44938
44442
44346
44506
44122
43786
44058
43626
43562
43594
43226
43162
43274
42810
42858
43034
42666
42570
42810
42298
42378
42634
42330
42378
42570
42266
42346
42730
42330
42426
42666
42554
42554
42810
42474
42586
43162
42634
42970
43226
42906
43194
43402
43082
43306
43450
43226
43290
43546
43370
43578
43626
43242
43466
43594
43290
43482
43578
43274
43402
43450
43210
43466
43290
42922
43210
43258
42810
43018
43194
42778
43162
43290
42938
43178
43434
43226
43690
43994
43914
44362
44890
44938
45611
46299
46555
47275
47899
47883
48523
49180
49196
49676
49900
49580
49708
49772
49212
49131
48987
48203
48059
47547
46811
46603
46139
45387
45002
44682
43978
43786
43546
42810
42810
42586
41946
42090
41882
41418
41770
41626
41370
41530
41658
41386
41802
41914
41738
42186
42570
42234
42714
43034
42938
43402
43754
43626
44122
44378
44314
44634
44906
44634
45018
45195
44778
44986
45307
44746
44890
44906
44362
44490
44634
44058
43978
43962
43626
43674
43610
43162
43210
43418
42730
42826
43050
42778
42698
42906
42378
42570
42890
42554
42602
42938
42522
42810
42858
42570
42666
42922
42698
43034
43162
42810
43066
43306
42954
43274
43322
43290
43434
43546
43322
43562
43626
43290
43754
43770
43482
43690
43834
43482
43818
43850
43546
43786
43882
43594
43722
43866
43498
43754
43914
43578
43754
43834
43450
43658
43674
43434
43498
43706
43194
43466
43674
43290
43482
43738
43274
43498
43802
43466
43738
44074
43930
44618
45002
45099
45835
46347
46603
47387
48059
48299
49003
49532
49660
49996
50380
50188
50572
50540
50028
49948
49692
49244
48795
48603
47691
47451
47163
46235
45915
45547
44890
44634
44442
43770
43370
43610
42858
42986
42714
42250
42154
42458
41914
41994
42122
41578
41898
42090
41866
42234
42394
42058
42634
42842
42810
43130
43466
43402
43722
44090
43882
44250
44618
44506
44762
45002
44634
44938
45131
44746
45018
45034
44570
44842
44938
44506
44570
44426
43962
44202
44042
43674
43658
43674
43306
43354
43418
42986
43226
43194
42922
42954
43066
42650
42970
42986
42714
43066
43066
42714
43114
43178
42762
43258
43114
42906
43338
43290
42954
43498
43354
43034
43530
43466
43178
43674
43562
43290
43802
43610
43386
43834
43754
43466
43834
43882
43610
43994
43770
43706
43994
43802
43546
44074
43818
43674
43994
43818
43690
43946
43722
43562
43946
43594
43578
43946
43626
43578
43834
43610
43450
43658
43498
43274
43754
43434
43402
43722
43450
43498
43962
43674
43802
44330
44426
44714
45371
45467
45803
46523
46907
47387
48011
48219
48651
49356
49196
49564
50012
49660
49596
49820
49308
49083
49067
48219
47947
47723
46779
46491
46475
45531
45259
45115
44266
44202
43978
43386
43370
43178
42714
42762
42778
42250
42442
42458
42122
42394
42410
42090
42394
42730
42410
42922
43082
42762
43194
43514
43354
43834
43914
43754
44282
44458
44362
44762
44858
44650
45147
45115
44890
45147
45018
44746
45147
45002
44650
45067
44874
44634
44762
44458
44122
44394
44058
43658
44138
43658
43418
43722
43418
43242
43498
43418
43114
43434
43322
43050
43402
43226
43098
43402
43162
43210
43530
43290
43178
43610
43354
43354
43690
43450
43482
43882
43658
43626
43898
43690
43546
43786
43706
43754
44074
43818
43834
44010
43722
43882
44138
43754
43946
44186
43834
43994
44250
43914
43946
44186
43914
43866
44058
43626
43946
44170
43610
43930
43962
43706
43978
43962
43642
43866
43962
43658
43690
43882
43578
43690
43866
43370
43866
43802
43418
43930
43962
43674
44170
44266
44202
44762
45243
45163
45867
46187
46315
47195
47387
47419
48091
48299
48331
48955
48859
48491
49115
48795
48315
48347
48107
47515
47531
47051
46491
46523
45915
45355
45291
44874
44378
44570
43962
43658
43802
43594
43242
43402
42970
42842
43066
42698
42698
43018
42666
42778
43098
42890
42922
43482
43146
43418
43754
43642
43962
44250
44058
44346
44778
44554
44842
44986
44826
45195
45323
45018
45147
45339
45115
45195
45323
44730
45018
45018
44474
44794
44634
44250
44490
44266
43978
44346
44170
43802
44058
43930
43626
44042
43690
43418
43722
43610
43530
43674
43594
43450
43818
43546
43338
43962
43690
43562
43834
43690
43594
43930
43674
43722
43978
43738
43706
44106
43738
43690
44186
43786
43978
44266
43946
44042
44250
43834
43930
44378
43866
43994
44298
43834
44186
44378
43834
44154
44122
43690
44122
44218
43674
43930
44186
43738
44186
44058
43754
44170
44218
43850
44426
44570
44298
44874
45195
44970
45803
45915
45867
46667
46859
46923
47627
47627
47691
48187
48283
48027
48363
48187
48091
48219
47851
47355
47563
47147
46731
46779
46283
45595
45739
45339
44762
44858
44346
43946
44202
43834
43354
43562
43338
43034
43322
43050
42730
43114
42938
42810
43290
43018
43018
43498
43274
43226
43818
43626
43674
44234
44090
43930
44698
44394
44490
44858
44650
44794
45355
