63 2991
127 3016
191 3016
254 3065
318 3091
381 3090
446 3927
509 3191
573 3215
637 3315
701 3340
764 3096
828 3145
891 3220
955 3220
1019 3096
1082 3341
1146 3071
1210 3808
1330 59028
1393 3057
1457 3738
1577 59029
1641 3420
1760 59026
1827 6192
1894 6262
1960 5680
2026 6197
2087 592
2149 721
2216 7426
2336 59026
2397 398
2458 423
2518 244
2579 443
2640 547
2701 671
2762 393
2823 398
2884 717
2945 687
3007 742
3068 642
3129 637
3248 59024
3309 253
3370 308
3431 797
3492 343
3553 388
3614 517
3675 801
3736 886
3803 6172
3922 59019
3990 7355
4110 59021
4173 3314
4237 3091
4300 3091
4364 3115
4428 3090
4491 3115
4555 3190
4618 3070
4682 3071
4746 3568
4809 3091
4873 3439
4938 3842
4999 856
5065 5725
5133 7426
5252 59023
5314 726
5375 802
5436 622
5555 59022
5616 587
5736 59016
5855 59019
5975 59017
6094 59016
6214 59017
6333 59020
6453 59023
6518 4624
6583 4584
6644 637
6705 811
6767 1060
6827 308
6888 314
6950 935
7011 766
7072 772
7133 373
7194 428
7313 59023
7374 557
7435 652
7497 841
7560 3091
7624 3141
7688 3568
7752 3618
7815 3021
7879 3220
7943 3683
8007 3384
8071 3265
8135 3768
8199 3638
8263 3176
8382 59027
8445 2877
8509 3061
8572 2956
8636 3245
8755 59024
8819 3067
8882 3066
8946 3016
9009 2966
9073 2942
9136 2942
9200 3016
9263 3116
9327 3340
9390 2921
9454 2921
9517 2921
9580 2947