3.090300000000000000e+04
3.048700000000000000e+04
3.061500000000000000e+04
3.069500000000000000e+04
3.061500000000000000e+04
3.064700000000000000e+04
3.047100000000000000e+04
3.039100000000000000e+04
3.042300000000000000e+04
3.056700000000000000e+04
3.059900000000000000e+04
3.050300000000000000e+04
3.061500000000000000e+04
3.056700000000000000e+04
3.053500000000000000e+04
3.074300000000000000e+04
3.077500000000000000e+04
3.099900000000000000e+04
3.079100000000000000e+04
3.087100000000000000e+04
3.107900000000000000e+04
3.095100000000000000e+04
3.103100000000000000e+04
3.127100000000000000e+04
3.127100000000000000e+04
3.125500000000000000e+04
3.151100000000000000e+04
3.131900000000000000e+04
3.155900000000000000e+04
3.141500000000000000e+04
3.154300000000000000e+04
3.151100000000000000e+04
3.149500000000000000e+04
3.157500000000000000e+04
3.162300000000000000e+04
3.171900000000000000e+04
3.143100000000000000e+04
3.138300000000000000e+04
3.163900000000000000e+04
3.141500000000000000e+04
3.151100000000000000e+04
3.147900000000000000e+04
3.143100000000000000e+04
3.123900000000000000e+04
3.128700000000000000e+04
3.131900000000000000e+04
3.125500000000000000e+04
3.122300000000000000e+04
3.109500000000000000e+04
3.112700000000000000e+04
3.114300000000000000e+04
3.123900000000000000e+04
3.136700000000000000e+04
3.123900000000000000e+04
3.120700000000000000e+04
3.114300000000000000e+04
3.125500000000000000e+04
3.112700000000000000e+04
3.131900000000000000e+04
3.146300000000000000e+04
3.149500000000000000e+04
3.165500000000000000e+04
3.183100000000000000e+04
3.199100000000000000e+04
3.248700000000000000e+04
3.285600000000000000e+04
3.312800000000000000e+04
3.383200000000000000e+04
3.423200000000000000e+04
3.495200000000000000e+04
3.551200000000000000e+04
3.624800000000000000e+04
3.672800000000000000e+04
3.719300000000000000e+04
3.778500000000000000e+04
3.816900000000000000e+04
3.855300000000000000e+04
3.868100000000000000e+04
3.888900000000000000e+04
3.900100000000000000e+04
3.901700000000000000e+04
3.879300000000000000e+04
3.850500000000000000e+04
3.834500000000000000e+04
3.786500000000000000e+04
3.738500000000000000e+04
3.690500000000000000e+04
3.629600000000000000e+04
3.597600000000000000e+04
3.528800000000000000e+04
3.477600000000000000e+04
3.432800000000000000e+04
3.402400000000000000e+04
3.357600000000000000e+04
3.328800000000000000e+04
3.295200000000000000e+04
3.284000000000000000e+04
3.266300000000000000e+04
3.247100000000000000e+04
3.227900000000000000e+04
3.218300000000000000e+04
3.208700000000000000e+04
3.194300000000000000e+04
3.178300000000000000e+04
3.144700000000000000e+04
3.131900000000000000e+04
3.123900000000000000e+04
3.115900000000000000e+04
3.112700000000000000e+04
3.106300000000000000e+04
3.096700000000000000e+04
3.095100000000000000e+04
3.099900000000000000e+04
3.123900000000000000e+04
3.115900000000000000e+04
3.131900000000000000e+04
3.141500000000000000e+04
3.157500000000000000e+04
3.179900000000000000e+04
3.178300000000000000e+04
3.208700000000000000e+04
3.227900000000000000e+04
3.253500000000000000e+04
3.293600000000000000e+04
3.308000000000000000e+04
3.303200000000000000e+04
3.295200000000000000e+04
3.320800000000000000e+04
3.327200000000000000e+04
3.336800000000000000e+04
3.314400000000000000e+04
3.327200000000000000e+04
3.300000000000000000e+04
3.317600000000000000e+04
3.296800000000000000e+04
3.295200000000000000e+04
3.280800000000000000e+04
3.256700000000000000e+04
3.248700000000000000e+04
3.213500000000000000e+04
3.208700000000000000e+04
3.184700000000000000e+04
3.179900000000000000e+04
3.149500000000000000e+04
3.162300000000000000e+04
3.151100000000000000e+04
3.120700000000000000e+04
3.130300000000000000e+04
3.111100000000000000e+04
3.079100000000000000e+04
3.090300000000000000e+04
3.095100000000000000e+04
3.088700000000000000e+04
3.079100000000000000e+04
3.093500000000000000e+04
3.093500000000000000e+04
3.079100000000000000e+04
3.072700000000000000e+04
3.087100000000000000e+04
3.106300000000000000e+04
3.095100000000000000e+04
3.095100000000000000e+04
3.090300000000000000e+04
3.096700000000000000e+04
3.099900000000000000e+04
3.115900000000000000e+04
3.120700000000000000e+04
3.120700000000000000e+04
3.112700000000000000e+04
3.119100000000000000e+04
3.125500000000000000e+04
3.136700000000000000e+04
3.128700000000000000e+04
3.141500000000000000e+04
3.147900000000000000e+04
3.152700000000000000e+04
3.143100000000000000e+04
3.173500000000000000e+04
3.157500000000000000e+04
3.163900000000000000e+04
3.165500000000000000e+04
3.171900000000000000e+04
3.181500000000000000e+04
3.171900000000000000e+04
3.163900000000000000e+04
3.178300000000000000e+04
3.181500000000000000e+04
3.168700000000000000e+04
3.176700000000000000e+04
3.184700000000000000e+04
3.154300000000000000e+04
3.157500000000000000e+04
3.167100000000000000e+04
3.157500000000000000e+04
3.163900000000000000e+04
3.151100000000000000e+04
3.159100000000000000e+04
3.151100000000000000e+04
3.159100000000000000e+04
3.170300000000000000e+04
3.175100000000000000e+04
3.154300000000000000e+04
3.154300000000000000e+04
3.157500000000000000e+04
3.165500000000000000e+04
3.170300000000000000e+04
3.175100000000000000e+04
3.207100000000000000e+04
3.224700000000000000e+04
3.231100000000000000e+04
3.256700000000000000e+04
3.308000000000000000e+04
3.360800000000000000e+04
3.418400000000000000e+04
3.472800000000000000e+04
3.538400000000000000e+04
3.599200000000000000e+04
3.687300000000000000e+04
3.749700000000000000e+04
3.821700000000000000e+04
3.893700000000000000e+04
3.933700000000000000e+04
3.986500000000000000e+04
4.026500000000000000e+04
4.052100000000000000e+04
4.064900000000000000e+04
4.061700000000000000e+04
4.036100000000000000e+04
4.010500000000000000e+04
3.965700000000000000e+04
3.925700000000000000e+04
3.879300000000000000e+04
3.828100000000000000e+04
3.776900000000000000e+04
3.719300000000000000e+04
3.653600000000000000e+04
3.600800000000000000e+04
3.551200000000000000e+04
3.500000000000000000e+04
3.463200000000000000e+04
3.453600000000000000e+04
3.405600000000000000e+04
3.381600000000000000e+04
3.376800000000000000e+04
3.373600000000000000e+04
3.349600000000000000e+04
3.336800000000000000e+04
3.324000000000000000e+04
3.317600000000000000e+04
3.311200000000000000e+04
3.298400000000000000e+04
3.293600000000000000e+04
3.264700000000000000e+04
3.224700000000000000e+04
3.227900000000000000e+04
3.223100000000000000e+04
3.200700000000000000e+04
3.170300000000000000e+04
3.165500000000000000e+04
3.168700000000000000e+04
3.151100000000000000e+04
3.144700000000000000e+04
3.162300000000000000e+04
3.146300000000000000e+04
3.175100000000000000e+04
3.176700000000000000e+04
3.203900000000000000e+04
3.200700000000000000e+04
3.223100000000000000e+04
3.242300000000000000e+04
3.243900000000000000e+04
3.271100000000000000e+04
3.277600000000000000e+04
3.303200000000000000e+04
3.300000000000000000e+04
3.308000000000000000e+04
3.308000000000000000e+04
3.311200000000000000e+04
3.300000000000000000e+04
3.304800000000000000e+04
3.301600000000000000e+04
3.284000000000000000e+04
3.287200000000000000e+04
3.266300000000000000e+04
3.248700000000000000e+04
3.237500000000000000e+04
3.243900000000000000e+04
3.215100000000000000e+04
3.199100000000000000e+04
3.189500000000000000e+04
3.183100000000000000e+04
3.167100000000000000e+04
3.151100000000000000e+04
3.146300000000000000e+04
3.159100000000000000e+04
3.127100000000000000e+04
3.125500000000000000e+04
3.114300000000000000e+04
3.112700000000000000e+04
3.112700000000000000e+04
3.111100000000000000e+04
3.096700000000000000e+04
3.104700000000000000e+04
3.096700000000000000e+04
3.103100000000000000e+04
3.103100000000000000e+04
3.093500000000000000e+04
3.087100000000000000e+04
3.115900000000000000e+04
3.112700000000000000e+04
3.098300000000000000e+04
3.104700000000000000e+04
3.104700000000000000e+04
3.101500000000000000e+04
3.127100000000000000e+04
3.117500000000000000e+04
3.111100000000000000e+04
3.130300000000000000e+04
3.133500000000000000e+04
3.127100000000000000e+04
3.138300000000000000e+04
3.133500000000000000e+04
3.149500000000000000e+04
3.149500000000000000e+04
3.149500000000000000e+04
3.165500000000000000e+04
3.162300000000000000e+04
3.170300000000000000e+04
3.152700000000000000e+04
3.167100000000000000e+04
3.170300000000000000e+04
3.167100000000000000e+04
3.179900000000000000e+04
3.179900000000000000e+04
3.176700000000000000e+04
3.170300000000000000e+04
3.167100000000000000e+04
3.167100000000000000e+04
3.157500000000000000e+04
3.157500000000000000e+04
3.149500000000000000e+04
3.141500000000000000e+04
3.163900000000000000e+04
3.157500000000000000e+04
3.144700000000000000e+04
3.138300000000000000e+04
3.131900000000000000e+04
3.139900000000000000e+04
3.131900000000000000e+04
3.133500000000000000e+04
3.149500000000000000e+04
3.128700000000000000e+04
3.125500000000000000e+04
3.128700000000000000e+04
3.146300000000000000e+04
3.131900000000000000e+04
3.152700000000000000e+04
3.162300000000000000e+04
3.143100000000000000e+04
3.165500000000000000e+04
3.181500000000000000e+04
3.223100000000000000e+04
3.250300000000000000e+04
3.269500000000000000e+04
3.332000000000000000e+04
3.392800000000000000e+04
3.460000000000000000e+04
3.528800000000000000e+04
3.584800000000000000e+04
3.666400000000000000e+04
3.743300000000000000e+04
3.820100000000000000e+04
3.892100000000000000e+04
3.943300000000000000e+04
4.012100000000000000e+04
4.037700000000000000e+04
4.092100000000000000e+04
4.090500000000000000e+04
4.095300000000000000e+04
4.095300000000000000e+04
4.085700000000000000e+04
4.050500000000000000e+04
4.012100000000000000e+04
3.949700000000000000e+04
3.904900000000000000e+04
3.850500000000000000e+04
3.789700000000000000e+04
3.748100000000000000e+04
3.656800000000000000e+04
3.602400000000000000e+04
3.562400000000000000e+04
3.508000000000000000e+04
3.477600000000000000e+04
3.434400000000000000e+04
3.420000000000000000e+04
3.384800000000000000e+04
3.372000000000000000e+04
3.344800000000000000e+04
3.324000000000000000e+04
3.317600000000000000e+04
3.300000000000000000e+04
3.287200000000000000e+04
3.290400000000000000e+04
3.267900000000000000e+04
3.247100000000000000e+04
3.255100000000000000e+04
3.203900000000000000e+04
3.197500000000000000e+04
3.168700000000000000e+04
3.146300000000000000e+04
3.112700000000000000e+04
3.122300000000000000e+04
3.123900000000000000e+04
3.120700000000000000e+04
3.114300000000000000e+04
3.122300000000000000e+04
3.130300000000000000e+04
3.157500000000000000e+04
3.149500000000000000e+04
3.181500000000000000e+04
3.187900000000000000e+04
3.213500000000000000e+04
3.240700000000000000e+04
3.229500000000000000e+04
3.253500000000000000e+04
3.293600000000000000e+04
3.277600000000000000e+04
3.311200000000000000e+04
3.304800000000000000e+04
3.303200000000000000e+04
3.308000000000000000e+04
3.309600000000000000e+04
3.308000000000000000e+04
3.272700000000000000e+04
3.295200000000000000e+04
3.280800000000000000e+04
3.277600000000000000e+04
3.245500000000000000e+04
3.258300000000000000e+04
3.240700000000000000e+04
3.205500000000000000e+04
3.195900000000000000e+04
3.191100000000000000e+04
3.175100000000000000e+04
3.165500000000000000e+04
3.155900000000000000e+04
3.162300000000000000e+04
3.112700000000000000e+04
3.125500000000000000e+04
3.112700000000000000e+04
3.099900000000000000e+04
3.099900000000000000e+04
3.091900000000000000e+04
3.091900000000000000e+04
3.080700000000000000e+04
3.067900000000000000e+04
3.067900000000000000e+04
3.069500000000000000e+04
3.077500000000000000e+04
3.045500000000000000e+04
3.101500000000000000e+04
3.080700000000000000e+04
3.087100000000000000e+04
3.095100000000000000e+04
3.080700000000000000e+04
3.087100000000000000e+04
3.091900000000000000e+04
3.095100000000000000e+04
3.106300000000000000e+04
3.091900000000000000e+04
3.088700000000000000e+04
3.106300000000000000e+04
3.111100000000000000e+04
3.106300000000000000e+04
3.120700000000000000e+04
3.119100000000000000e+04
3.125500000000000000e+04
3.117500000000000000e+04
3.127100000000000000e+04
3.144700000000000000e+04
3.139900000000000000e+04
3.149500000000000000e+04
3.152700000000000000e+04
3.167100000000000000e+04
3.155900000000000000e+04
3.136700000000000000e+04
3.139900000000000000e+04
3.159100000000000000e+04
3.138300000000000000e+04
3.144700000000000000e+04
3.162300000000000000e+04
3.154300000000000000e+04
3.130300000000000000e+04
3.162300000000000000e+04
3.143100000000000000e+04
3.146300000000000000e+04
3.146300000000000000e+04
3.136700000000000000e+04
3.123900000000000000e+04
3.143100000000000000e+04
3.152700000000000000e+04
3.138300000000000000e+04
3.125500000000000000e+04
3.123900000000000000e+04
3.120700000000000000e+04
3.127100000000000000e+04
3.125500000000000000e+04
3.139900000000000000e+04
3.107900000000000000e+04
3.131900000000000000e+04
3.131900000000000000e+04
3.125500000000000000e+04
3.123900000000000000e+04
3.133500000000000000e+04
3.127100000000000000e+04
3.138300000000000000e+04
3.155900000000000000e+04
3.157500000000000000e+04
3.170300000000000000e+04
3.234300000000000000e+04
3.290400000000000000e+04
3.325600000000000000e+04
3.397600000000000000e+04
3.444000000000000000e+04
3.528800000000000000e+04
3.600800000000000000e+04
3.666400000000000000e+04
3.756100000000000000e+04
3.820100000000000000e+04
3.885700000000000000e+04
3.957700000000000000e+04
4.008900000000000000e+04
4.055300000000000000e+04
4.077700000000000000e+04
4.085700000000000000e+04
4.088900000000000000e+04
4.076100000000000000e+04
4.055300000000000000e+04
4.037700000000000000e+04
3.978500000000000000e+04
3.927300000000000000e+04
3.880900000000000000e+04
3.816900000000000000e+04
3.765700000000000000e+04
3.706500000000000000e+04
3.636000000000000000e+04
3.573600000000000000e+04
3.528800000000000000e+04
3.487200000000000000e+04
3.458400000000000000e+04
3.399200000000000000e+04
3.391200000000000000e+04
3.356000000000000000e+04
3.349600000000000000e+04
3.324000000000000000e+04
3.296800000000000000e+04
3.304800000000000000e+04
3.269500000000000000e+04
3.242300000000000000e+04
3.240700000000000000e+04
3.219900000000000000e+04
3.210300000000000000e+04
3.187900000000000000e+04
3.163900000000000000e+04
3.133500000000000000e+04
3.128700000000000000e+04
3.112700000000000000e+04
3.115900000000000000e+04
3.095100000000000000e+04
3.115900000000000000e+04
3.101500000000000000e+04
3.131900000000000000e+04
3.136700000000000000e+04
3.162300000000000000e+04
3.167100000000000000e+04
3.189500000000000000e+04
3.219900000000000000e+04
3.243900000000000000e+04
3.259900000000000000e+04
3.287200000000000000e+04
3.317600000000000000e+04
3.325600000000000000e+04
3.330400000000000000e+04
3.336800000000000000e+04
3.333600000000000000e+04
3.357600000000000000e+04
3.354400000000000000e+04
3.348000000000000000e+04
3.317600000000000000e+04
3.338400000000000000e+04
3.316000000000000000e+04
3.303200000000000000e+04
3.298400000000000000e+04
3.264700000000000000e+04
3.239100000000000000e+04
3.232700000000000000e+04
3.219900000000000000e+04
3.208700000000000000e+04
3.170300000000000000e+04
3.155900000000000000e+04
3.157500000000000000e+04
3.146300000000000000e+04
3.125500000000000000e+04
3.120700000000000000e+04
3.117500000000000000e+04
3.087100000000000000e+04
3.079100000000000000e+04
3.083900000000000000e+04
3.090300000000000000e+04
3.066300000000000000e+04
3.063100000000000000e+04
3.066300000000000000e+04
3.066300000000000000e+04
3.072700000000000000e+04
3.059900000000000000e+04
3.040700000000000000e+04
3.053500000000000000e+04
3.055100000000000000e+04
3.050300000000000000e+04
3.053500000000000000e+04
3.072700000000000000e+04
3.064700000000000000e+04
3.059900000000000000e+04
3.053500000000000000e+04
3.075900000000000000e+04
3.083900000000000000e+04
3.072700000000000000e+04
3.085500000000000000e+04
3.087100000000000000e+04
3.095100000000000000e+04
3.114300000000000000e+04
3.111100000000000000e+04
3.119100000000000000e+04
3.111100000000000000e+04
3.122300000000000000e+04
3.123900000000000000e+04
3.143100000000000000e+04
3.139900000000000000e+04
3.146300000000000000e+04
3.138300000000000000e+04
3.159100000000000000e+04
3.143100000000000000e+04
3.143100000000000000e+04
3.155900000000000000e+04
3.146300000000000000e+04
3.138300000000000000e+04
3.151100000000000000e+04
3.144700000000000000e+04
3.144700000000000000e+04
3.139900000000000000e+04
3.143100000000000000e+04
3.146300000000000000e+04
3.119100000000000000e+04
3.125500000000000000e+04
3.120700000000000000e+04
3.117500000000000000e+04
3.130300000000000000e+04
3.095100000000000000e+04
3.111100000000000000e+04
3.096700000000000000e+04
3.120700000000000000e+04
3.119100000000000000e+04
3.119100000000000000e+04
3.101500000000000000e+04
3.106300000000000000e+04
3.111100000000000000e+04
3.106300000000000000e+04
3.120700000000000000e+04
3.120700000000000000e+04
3.125500000000000000e+04
3.135100000000000000e+04
3.168700000000000000e+04
3.197500000000000000e+04
3.221500000000000000e+04
3.282400000000000000e+04
3.335200000000000000e+04
3.413600000000000000e+04
3.461600000000000000e+04
3.540000000000000000e+04
3.616800000000000000e+04
3.693700000000000000e+04
3.776900000000000000e+04
3.858500000000000000e+04
3.936900000000000000e+04
4.008900000000000000e+04
4.063300000000000000e+04
4.124200000000000000e+04
4.149800000000000000e+04
4.169000000000000000e+04
4.191400000000000000e+04
4.175400000000000000e+04
4.165800000000000000e+04
4.127400000000000000e+04
4.095300000000000000e+04
4.052100000000000000e+04
3.984900000000000000e+04
3.909700000000000000e+04
3.871300000000000000e+04
3.780100000000000000e+04
3.701700000000000000e+04
3.645600000000000000e+04
3.610400000000000000e+04
3.530400000000000000e+04
3.498400000000000000e+04
3.450400000000000000e+04
3.421600000000000000e+04
3.397600000000000000e+04
3.360800000000000000e+04
3.325600000000000000e+04
3.317600000000000000e+04
3.267900000000000000e+04
3.272700000000000000e+04
3.248700000000000000e+04
3.232700000000000000e+04
3.213500000000000000e+04
3.171900000000000000e+04
3.159100000000000000e+04
3.146300000000000000e+04
3.131900000000000000e+04
3.119100000000000000e+04
3.088700000000000000e+04
3.082300000000000000e+04
3.074300000000000000e+04
3.090300000000000000e+04
3.103100000000000000e+04
3.106300000000000000e+04
3.122300000000000000e+04
3.146300000000000000e+04
3.168700000000000000e+04
3.192700000000000000e+04
3.205500000000000000e+04
3.223100000000000000e+04
3.251900000000000000e+04
3.287200000000000000e+04
3.300000000000000000e+04
3.308000000000000000e+04
3.330400000000000000e+04
3.324000000000000000e+04
3.341600000000000000e+04
3.359200000000000000e+04
3.343200000000000000e+04
3.311200000000000000e+04
3.330400000000000000e+04
3.300000000000000000e+04
3.306400000000000000e+04
3.303200000000000000e+04
3.280800000000000000e+04
3.251900000000000000e+04
3.221500000000000000e+04
3.205500000000000000e+04
3.189500000000000000e+04
3.175100000000000000e+04
3.152700000000000000e+04
3.152700000000000000e+04
3.143100000000000000e+04
3.130300000000000000e+04
3.098300000000000000e+04
3.093500000000000000e+04
3.069500000000000000e+04
3.056700000000000000e+04
3.055100000000000000e+04
3.048700000000000000e+04
3.053500000000000000e+04
3.055100000000000000e+04
3.050300000000000000e+04
3.042300000000000000e+04
3.053500000000000000e+04
3.031100000000000000e+04
3.029500000000000000e+04
3.040700000000000000e+04
3.067900000000000000e+04
3.043900000000000000e+04
3.048700000000000000e+04
3.055100000000000000e+04
3.051900000000000000e+04
3.066300000000000000e+04
3.063100000000000000e+04
3.080700000000000000e+04
3.080700000000000000e+04
3.064700000000000000e+04
3.093500000000000000e+04
3.090300000000000000e+04
3.106300000000000000e+04
3.115900000000000000e+04
3.107900000000000000e+04
3.091900000000000000e+04
3.114300000000000000e+04
3.125500000000000000e+04
3.117500000000000000e+04
3.125500000000000000e+04
3.119100000000000000e+04
3.136700000000000000e+04
3.127100000000000000e+04
3.143100000000000000e+04
3.130300000000000000e+04
3.151100000000000000e+04
3.127100000000000000e+04
3.141500000000000000e+04
3.125500000000000000e+04
3.157500000000000000e+04
3.146300000000000000e+04
3.141500000000000000e+04
3.146300000000000000e+04
3.155900000000000000e+04
3.152700000000000000e+04
3.141500000000000000e+04
3.149500000000000000e+04
3.144700000000000000e+04
3.143100000000000000e+04
3.115900000000000000e+04
3.136700000000000000e+04
3.136700000000000000e+04
3.125500000000000000e+04
3.111100000000000000e+04
3.123900000000000000e+04
3.123900000000000000e+04
3.104700000000000000e+04
3.128700000000000000e+04
3.111100000000000000e+04
3.107900000000000000e+04
3.095100000000000000e+04
3.099900000000000000e+04
3.104700000000000000e+04
3.101500000000000000e+04
3.111100000000000000e+04
3.104700000000000000e+04
3.099900000000000000e+04
3.120700000000000000e+04
3.114300000000000000e+04
3.104700000000000000e+04
3.128700000000000000e+04
3.133500000000000000e+04
3.130300000000000000e+04
3.139900000000000000e+04
3.170300000000000000e+04
3.183100000000000000e+04
3.216700000000000000e+04
3.253500000000000000e+04
3.327200000000000000e+04
3.383200000000000000e+04
3.460000000000000000e+04
3.512800000000000000e+04
3.640800000000000000e+04
3.720900000000000000e+04
3.812100000000000000e+04
3.924100000000000000e+04
4.023300000000000000e+04
4.095300000000000000e+04
4.151400000000000000e+04
4.223400000000000000e+04
4.265000000000000000e+04
4.285800000000000000e+04
4.314600000000000000e+04
4.311400000000000000e+04
4.289000000000000000e+04
4.252200000000000000e+04
4.212200000000000000e+04
4.164200000000000000e+04
4.114600000000000000e+04
4.047300000000000000e+04
3.973700000000000000e+04
3.904900000000000000e+04
3.844100000000000000e+04
3.765700000000000000e+04
3.690500000000000000e+04
3.642400000000000000e+04
3.575200000000000000e+04
3.525600000000000000e+04
3.495200000000000000e+04
3.458400000000000000e+04
3.421600000000000000e+04
3.405600000000000000e+04
3.368800000000000000e+04
3.356000000000000000e+04
3.354400000000000000e+04
3.333600000000000000e+04
3.341600000000000000e+04
3.322400000000000000e+04
3.304800000000000000e+04
3.290400000000000000e+04
3.240700000000000000e+04
3.231100000000000000e+04
3.205500000000000000e+04
3.203900000000000000e+04
3.152700000000000000e+04
3.143100000000000000e+04
3.139900000000000000e+04
3.112700000000000000e+04
3.131900000000000000e+04
3.123900000000000000e+04
3.119100000000000000e+04
3.130300000000000000e+04
3.162300000000000000e+04
3.152700000000000000e+04
3.170300000000000000e+04
3.208700000000000000e+04
3.231100000000000000e+04
3.213500000000000000e+04
3.258300000000000000e+04
3.266300000000000000e+04
3.285600000000000000e+04
3.304800000000000000e+04
3.309600000000000000e+04
3.312800000000000000e+04
3.306400000000000000e+04
3.316000000000000000e+04
3.296800000000000000e+04
3.300000000000000000e+04
3.317600000000000000e+04
3.287200000000000000e+04
3.284000000000000000e+04
3.266300000000000000e+04
3.251900000000000000e+04
3.219900000000000000e+04
3.202300000000000000e+04
3.192700000000000000e+04
3.191100000000000000e+04
3.176700000000000000e+04
3.157500000000000000e+04
3.143100000000000000e+04
3.114300000000000000e+04
3.101500000000000000e+04
3.090300000000000000e+04
3.072700000000000000e+04
3.079100000000000000e+04
3.047100000000000000e+04
3.050300000000000000e+04
3.050300000000000000e+04
3.026300000000000000e+04
3.026300000000000000e+04
3.024700000000000000e+04
3.037500000000000000e+04
3.018300000000000000e+04
3.015100000000000000e+04
3.027900000000000000e+04
3.011900000000000000e+04
3.035900000000000000e+04
3.029500000000000000e+04
3.035900000000000000e+04
3.053500000000000000e+04
3.056700000000000000e+04
3.042300000000000000e+04
3.051900000000000000e+04
3.048700000000000000e+04
3.053500000000000000e+04
3.061500000000000000e+04
3.066300000000000000e+04
3.083900000000000000e+04
3.080700000000000000e+04
3.085500000000000000e+04
3.080700000000000000e+04
3.090300000000000000e+04
3.103100000000000000e+04
3.111100000000000000e+04
3.106300000000000000e+04
3.115900000000000000e+04
3.112700000000000000e+04
3.133500000000000000e+04
3.125500000000000000e+04
3.130300000000000000e+04
3.133500000000000000e+04
3.136700000000000000e+04
3.133500000000000000e+04
3.136700000000000000e+04
3.136700000000000000e+04
3.138300000000000000e+04
3.151100000000000000e+04
3.163900000000000000e+04
3.136700000000000000e+04
3.143100000000000000e+04
3.141500000000000000e+04
3.146300000000000000e+04
3.151100000000000000e+04
3.128700000000000000e+04
3.136700000000000000e+04
3.146300000000000000e+04
3.131900000000000000e+04
3.120700000000000000e+04
3.117500000000000000e+04
3.115900000000000000e+04
3.119100000000000000e+04
3.106300000000000000e+04
3.127100000000000000e+04
3.115900000000000000e+04
3.112700000000000000e+04
3.107900000000000000e+04
3.122300000000000000e+04
3.111100000000000000e+04
3.093500000000000000e+04
3.106300000000000000e+04
3.127100000000000000e+04
3.101500000000000000e+04
3.099900000000000000e+04
3.101500000000000000e+04
3.095100000000000000e+04
3.075900000000000000e+04
3.104700000000000000e+04
3.130300000000000000e+04
3.114300000000000000e+04
3.120700000000000000e+04
