63 -1
127 -1
190 -1
254 -1
317 -1
381 -1
444 -1
507 -1
571 -1
634 -1
698 -1
761 -1
825 -1
888 -1
952 -1
1015 -1
1079 -1
1142 -1
1205 -1
1269 -1
1332 -1
1396 -1
1459 -1
1523 -1
1586 -1
1650 -1
1712 1508
1775 -1
1837 1195
1900 -1
1961 923
2023 884
2084 809
2145 660
2206 501
2268 1062
2328 391
2389 397
2450 357
2511 322
2572 342
2633 491
2696 -1
2760 -1
2821 814
2884 -1
2948 -1
3011 -1
3072 754
3133 506
3194 586
3258 -1
3319 679
3382 -1
3443 362
3504 223
3565 298
3625 347
3686 426
3747 481
3808 551
3869 571
3930 670
3992 769
4053 839
4114 873
4176 1052
4237 1047
4299 1195
4362 -1
4424 1265
4486 1325
4548 1429
4610 1419
4671 1345
4733 1354
4797 -1
4859 1449
4922 -1
4984 1434
5046 1791
5108 1324
5170 1255
5232 1553
5293 1066
5355 1027
5416 883
5477 878
5538 779
5600 689
5661 576
5722 571
5783 913
5844 476
5905 392
5966 367
6026 417
6087 263
6148 268
6209 248
6269 228
6330 243
6391 203
6451 248
6512 243
6573 243
6633 248
6694 263
6755 263
6816 268
6876 327
6937 362
6998 426
7059 466
7120 515
7181 601
7242 656
7303 917
7367 -1
7430 -1
7494 -1
7555 1256
7619 -1
7682 -1
7744 1389
7806 1474